v <- c(10,50,70,40,90,20,60)

barplot (v)
